43.9127171291801
20.79176791759115
-4.318714979990894
-4.24070435077887
20.646993941864856
45.930664914543605
165.49958317402272
1.3021984953588355
91.42770509728204
42.72996576491431
65.49108929306234
22.31763257520942
46.635528273915
-0.005422459289451842
21.91566661612553
43.35889387271145
-3.8568071333231804
-2.857955684155413
45.05262480869191
22.897848802421656
45.45316480226554
42.333575061637305
89.9924693702423
19.29728599829192
68.47575339669977
46.34847751151047
69.3954254994403
