3.1975049249949095
2.165790227796051
1.8560718181358387
1.9578711019610893
2.3552108696926983
2.4275970155603974
6.741807212576443
-0.5954857990177131
5.2289844993170504
3.9173452736790004
5.3172458576341874
1.624246439622786
2.2160806722765676
-0.3754606382183987
1.7038023068614545
3.7198759261200207
1.8254584165268495
1.3624935005285792
2.8611902013921573
1.3649273714555763
2.802213105896535
4.475967493245874
6.095761620248027
2.9305776322211132
3.9548949024660254
2.1693368544293743
3.530585827439718
